function Salida=fm(Entrada)
xin=Entrada(13);
Gsin=Entrada(14);
Gsout=Entrada(15);
rocm=Entrada(16);
vol=Entrada(17);
p(1)=Entrada(18);
p(2)=Entrada(19);
p(3)=Entrada(20);
p(4)=Entrada(21);
p(5)=Entrada(22);
p(6)=Entrada(23);
p(7)=Entrada(24);
p(8)=Entrada(25);
p(9)=Entrada(26);
p(10)=Entrada(27);
p(11)=Entrada(28);
p(12)=Entrada(29);
Hk=rocm*vol;
x(1)=87.74270966450217;
x(2)=141.02326716924657;
x(3)=71.42713711433252;
x(4)=41.30545393133288;
x(5)=25.211578789632288;
x(6)=12.56261298696965;
x(7)=2.0494511033461853;
x(8)=0.6346520631643215;
x(9)=0.4914977601068599;
x(10)=0.4112346656234704;
x(11)=0.30931698697666116;
xm=(Gsin*xin-Gsout*p(12)+Hk*p(1)*x(1)*0.0511+Hk*p(2)*x(2)*0.0564+Hk*p(3)*x(3)*0.0620+Hk*p(4)*x(4)*0.0700+Hk*p(5)*x(5)*0.0839+Hk*p(6)*x(6)*0.1006+Hk*p(7)*x(7)*0.1125+Hk*p(8)*x(8)*0.1226+Hk*p(9)*x(9)*0.1442+Hk*p(10)*x(10)*0.2526+Hk*p(11)*x(11))/Hk;
Salida=xm;
end