P=40308.7;%[W]
k0b=87.7457696248338;
k0c=141.029744964245;
k0d=71.4294606149581;
k0e=41.3066717870455;
k0f=25.2122982702647;
k0g=12.5629663251887;
k0h=2.04950853081263;
k0i=0.634669866657347;
k0j=0.491511624014426;
k0k=0.411246294227835;
k0l=0.309325755775681;
Eb=1.40605122040969;
Ec=1.85185098278557;
Ed=1.31155513877292;
Ee=1.18881489358611;
Ef=1.15067347312727;
Eg=1.1340803433176;
Eh=1.12939048943927;
Ei=1.12578915167814;
Ej=1.12838386172401;
Ek=1.12711394072794;
El=1.11932605828154;
x(1)=k0b*exp(-Eb/P);
x(2)=k0c*exp(-Ec/P);
x(3)=k0d*exp(-Ed/P);
x(4)=k0e*exp(-Ee/P);
x(5)=k0f*exp(-Ef/P);
x(6)=k0g*exp(-Eg/P);
x(7)=k0h*exp(-Eh/P);
x(8)=k0i*exp(-Ei/P);
x(9)=k0j*exp(-Ej/P);
x(10)=k0k*exp(-Ek/P);
x(11)=k0l*exp(-El/P);
x